Idx	AddrHex	AddrDec	Hex	Byte_1	Byte_2	UInt16	Int16	Chr	Bin
2	0x0002	2	00 01	0	1	1	1		0000 0000 0000 0001
4	0x0004	4	00 01	0	1	1	1		0000 0000 0000 0001
5	0x0005	5	00 01	0	1	1	1		0000 0000 0000 0001
6	0x0006	6	00 01	0	1	1	1		0000 0000 0000 0001
7	0x0007	7	AB F2	171	242	44018	-21518		1010 1011 1111 0010
8	0x0008	8	00 03	0	3	3	3		0000 0000 0000 0011
11	0x000b	11	00 03	0	3	3	3		0000 0000 0000 0011
12	0x000c	12	00 1F	0	31	31	31		0000 0000 0001 1111
13	0x000d	13	00 1F	0	31	31	31		0000 0000 0001 1111
14	0x000e	14	00 10	0	16	16	16		0000 0000 0001 0000
15	0x000f	15	00 03	0	3	3	3		0000 0000 0000 0011
19	0x0013	19	00 01	0	1	1	1		0000 0000 0000 0001
27	0x001b	27	00 01	0	1	1	1		0000 0000 0000 0001
29	0x001d	29	00 01	0	1	1	1		0000 0000 0000 0001
32	0x0020	32	00 01	0	1	1	1		0000 0000 0000 0001
49	0x0031	49	01 61	1	97	353	353		0000 0001 0110 0001
50	0x0032	50	00 02	0	2	2	2		0000 0000 0000 0010
52	0x0034	52	00 28	0	40	40	40		0000 0000 0010 1000
54	0x0036	54	15 8E	21	142	5518	5518		0001 0101 1000 1110
56	0x0038	56	04 60	4	96	1120	1120		0000 0100 0110 0000
57	0x0039	57	01 67	1	103	359	359		0000 0001 0110 0111
59	0x003b	59	03 04	3	4	772	772		0000 0011 0000 0100
60	0x003c	60	00 59	0	89	89	89		0000 0000 0101 1001
61	0x003d	61	02 1B	2	27	539	539		0000 0010 0001 1011
62	0x003e	62	01 EA	1	234	490	490		0000 0001 1110 1010
63	0x003f	63	00 DB	0	219	219	219		0000 0000 1101 1011
64	0x0040	64	00 DC	0	220	220	220		0000 0000 1101 1100
65	0x0041	65	00 8E	0	142	142	142		0000 0000 1000 1110
66	0x0042	66	01 D8	1	216	472	472		0000 0001 1101 1000
67	0x0043	67	01 61	1	97	353	353		0000 0001 0110 0001
68	0x0044	68	01 EB	1	235	491	491		0000 0001 1110 1011
69	0x0045	69	01 EC	1	236	492	492		0000 0001 1110 1100
70	0x0046	70	01 F4	1	244	500	500		0000 0001 1111 0100
71	0x0047	71	80 01	128	1	32769	-32767		1000 0000 0000 0001
72	0x0048	72	00 D3	0	211	211	211		0000 0000 1101 0011
73	0x0049	73	01 37	1	55	311	311		0000 0001 0011 0111
74	0x004a	74	D6 E2	214	226	55010	-10526		1101 0110 1110 0010
75	0x004b	75	00 13	0	19	19	19		0000 0000 0001 0011
76	0x004c	76	30 3B	48	59	12347	12347	0;	0011 0000 0011 1011
78	0x004e	78	04 D2	4	210	1234	1234		0000 0100 1101 0010
79	0x004f	79	27 10	39	16	10000	10000		0010 0111 0001 0000
80	0x0050	80	0B 5E	11	94	2910	2910		0000 1011 0101 1110
81	0x0051	81	27 10	39	16	10000	10000		0010 0111 0001 0000
83	0x0053	83	01 5E	1	94	350	350		0000 0001 0101 1110
84	0x0054	84	07 D0	7	208	2000	2000		0000 0111 1101 0000
87	0x0057	87	10 C9	16	201	4297	4297		0001 0000 1100 1001
88	0x0058	88	00 27	0	39	39	39		0000 0000 0010 0111
92	0x005c	92	10 C9	16	201	4297	4297		0001 0000 1100 1001
93	0x005d	93	01 3B	1	59	315	315		0000 0001 0011 1011
94	0x005e	94	00 22	0	34	34	34		0000 0000 0010 0010
99	0x0063	99	00 50	0	80	80	80		0000 0000 0101 0000
100	0x0064	100	01 46	1	70	326	326		0000 0001 0100 0110
101	0x0065	101	03 02	3	2	770	770		0000 0011 0000 0010
102	0x0066	102	00 59	0	89	89	89		0000 0000 0101 1001
103	0x0067	103	02 1B	2	27	539	539		0000 0010 0001 1011
104	0x0068	104	01 EA	1	234	490	490		0000 0001 1110 1010
105	0x0069	105	02 1B	2	27	539	539		0000 0010 0001 1011
106	0x006a	106	00 25	0	37	37	37		0000 0000 0010 0101
107	0x006b	107	1C 7B	28	123	7291	7291		0001 1100 0111 1011
108	0x006c	108	02 FC	2	252	764	764		0000 0010 1111 1100
109	0x006d	109	00 30	0	48	48	48		0000 0000 0011 0000
110	0x006e	110	00 33	0	51	51	51		0000 0000 0011 0011
111	0x006f	111	00 7D	0	125	125	125		0000 0000 0111 1101
112	0x0070	112	1B A8	27	168	7080	7080		0001 1011 1010 1000
113	0x0071	113	00 8E	0	142	142	142		0000 0000 1000 1110
118	0x0076	118	03 20	3	32	800	800		0000 0011 0010 0000
119	0x0077	119	01 90	1	144	400	400		0000 0001 1001 0000
120	0x0078	120	00 C8	0	200	200	200		0000 0000 1100 1000
121	0x0079	121	00 37	0	55	55	55		0000 0000 0011 0111
122	0x007a	122	00 38	0	56	56	56		0000 0000 0011 1000
123	0x007b	123	00 20	0	32	32	32		0000 0000 0010 0000
124	0x007c	124	00 38	0	56	56	56		0000 0000 0011 1000
199	0x00c7	199	00 02	0	2	2	2		0000 0000 0000 0010
200	0x00c8	200	01 EB	1	235	491	491		0000 0001 1110 1011
201	0x00c9	201	01 EC	1	236	492	492		0000 0001 1110 1100
202	0x00ca	202	01 D8	1	216	472	472		0000 0001 1101 1000
204	0x00cc	204	01 C2	1	194	450	450		0000 0001 1100 0010
205	0x00cd	205	13 88	19	136	5000	5000		0001 0011 1000 1000
207	0x00cf	207	27 10	39	16	10000	10000		0010 0111 0001 0000
208	0x00d0	208	07 D0	7	208	2000	2000		0000 0111 1101 0000
209	0x00d1	209	00 03	0	3	3	3		0000 0000 0000 0011
210	0x00d2	210	06 A4	6	164	1700	1700		0000 0110 1010 0100
211	0x00d3	211	00 50	0	80	80	80		0000 0000 0101 0000
212	0x00d4	212	01 F4	1	244	500	500		0000 0001 1111 0100
213	0x00d5	213	00 28	0	40	40	40		0000 0000 0010 1000
214	0x00d6	214	00 02	0	2	2	2		0000 0000 0000 0010
215	0x00d7	215	01 E0	1	224	480	480		0000 0001 1110 0000
217	0x00d9	217	00 01	0	1	1	1		0000 0000 0000 0001
218	0x00da	218	01 C2	1	194	450	450		0000 0001 1100 0010
221	0x00dd	221	00 04	0	4	4	4		0000 0000 0000 0100
222	0x00de	222	06 40	6	64	1600	1600		0000 0110 0100 0000
223	0x00df	223	00 14	0	20	20	20		0000 0000 0001 0100
225	0x00e1	225	0E 10	14	16	3600	3600		0000 1110 0001 0000
226	0x00e2	226	00 01	0	1	1	1		0000 0000 0000 0001
227	0x00e3	227	01 E0	1	224	480	480		0000 0001 1110 0000
228	0x00e4	228	00 1E	0	30	30	30		0000 0000 0001 1110
229	0x00e5	229	00 1E	0	30	30	30		0000 0000 0001 1110
230	0x00e6	230	00 96	0	150	150	150		0000 0000 1001 0110
232	0x00e8	232	02 44	2	68	580	580		0000 0010 0100 0100
233	0x00e9	233	00 3C	0	60	60	60		0000 0000 0011 1100
234	0x00ea	234	00 46	0	70	70	70		0000 0000 0100 0110
238	0x00ee	238	02 58	2	88	600	600		0000 0010 0101 1000
239	0x00ef	239	00 0F	0	15	15	15		0000 0000 0000 1111
240	0x00f0	240	00 32	0	50	50	50		0000 0000 0011 0010
241	0x00f1	241	4F 72	79	114	20338	20338	Or	0100 1111 0111 0010
242	0x00f2	242	2E 80	46	128	11904	11904		0010 1110 1000 0000
252	0x00fc	252	00 01	0	1	1	1		0000 0000 0000 0001
254	0x00fe	254	00 01	0	1	1	1		0000 0000 0000 0001
354	0x0162	354	00 03	0	3	3	3		0000 0000 0000 0011
400	0x0190	400	00 4D	0	77	77	77		0000 0000 0100 1101
401	0x0191	401	00 12	0	18	18	18		0000 0000 0001 0010
403	0x0193	403	00 44	0	68	68	68		0000 0000 0100 0100
404	0x0194	404	00 14	0	20	20	20		0000 0000 0001 0100
406	0x0196	406	00 26	0	38	38	38		0000 0000 0010 0110
407	0x0197	407	00 4D	0	77	77	77		0000 0000 0100 1101
409	0x0199	409	00 FA	0	250	250	250		0000 0000 1111 1010
410	0x019a	410	02 3A	2	58	570	570		0000 0010 0011 1010
412	0x019c	412	00 14	0	20	20	20		0000 0000 0001 0100
413	0x019d	413	00 08	0	8	8	8		0000 0000 0000 1000
415	0x019f	415	06 1E	6	30	1566	1566		0000 0110 0001 1110
419	0x01a3	419	02 3A	2	58	570	570		0000 0010 0011 1010
421	0x01a5	421	00 14	0	20	20	20		0000 0000 0001 0100
449	0x01c1	449	00 E9	0	233	233	233		0000 0000 1110 1001
450	0x01c2	450	00 23	0	35	35	35		0000 0000 0010 0011
455	0x01c7	455	FF DD	255	221	65501	-35		1111 1111 1101 1101
456	0x01c8	456	00 04	0	4	4	4		0000 0000 0000 0100
457	0x01c9	457	00 02	0	2	2	2		0000 0000 0000 0010
459	0x01cb	459	00 04	0	4	4	4		0000 0000 0000 0100
499	0x01f3	499	00 02	0	2	2	2		0000 0000 0000 0010
500	0x01f4	500	1F 40	31	64	8000	8000		0001 1111 0100 0000
502	0x01f6	502	00 DB	0	219	219	219		0000 0000 1101 1011
503	0x01f7	503	00 DC	0	220	220	220		0000 0000 1101 1100
504	0x01f8	504	01 F6	1	246	502	502		0000 0001 1111 0110
505	0x01f9	505	00 6F	0	111	111	111		0000 0000 0110 1111
507	0x01fb	507	00 07	0	7	7	7		0000 0000 0000 0111
508	0x01fc	508	00 04	0	4	4	4		0000 0000 0000 0100
509	0x01fd	509	00 03	0	3	3	3		0000 0000 0000 0011
511	0x01ff	511	00 BE	0	190	190	190		0000 0000 1011 1110
512	0x0200	512	01 40	1	64	320	320		0000 0001 0100 0000
513	0x0201	513	00 BE	0	190	190	190		0000 0000 1011 1110
514	0x0202	514	00 0F	0	15	15	15		0000 0000 0000 1111
515	0x0203	515	00 01	0	1	1	1		0000 0000 0000 0001
516	0x0204	516	00 01	0	1	1	1		0000 0000 0000 0001
517	0x0205	517	FF E2	255	226	65506	-30		1111 1111 1110 0010
518	0x0206	518	00 1E	0	30	30	30		0000 0000 0001 1110
519	0x0207	519	00 78	0	120	120	120		0000 0000 0111 1000
520	0x0208	520	00 96	0	150	150	150		0000 0000 1001 0110
521	0x0209	521	00 FA	0	250	250	250		0000 0000 1111 1010
523	0x020b	523	00 DC	0	220	220	220		0000 0000 1101 1100
525	0x020d	525	00 DC	0	220	220	220		0000 0000 1101 1100
526	0x020e	526	00 50	0	80	80	80		0000 0000 0101 0000
527	0x020f	527	00 28	0	40	40	40		0000 0000 0010 1000
529	0x0211	529	80 01	128	1	32769	-32767		1000 0000 0000 0001
532	0x0214	532	00 64	0	100	100	100		0000 0000 0110 0100
533	0x0215	533	00 DC	0	220	220	220		0000 0000 1101 1100
534	0x0216	534	00 64	0	100	100	100		0000 0000 0110 0100
535	0x0217	535	00 14	0	20	20	20		0000 0000 0001 0100
536	0x0218	536	00 01	0	1	1	1		0000 0000 0000 0001
537	0x0219	537	0E 10	14	16	3600	3600		0000 1110 0001 0000
538	0x021a	538	00 14	0	20	20	20		0000 0000 0001 0100
539	0x021b	539	00 05	0	5	5	5		0000 0000 0000 0101
541	0x021d	541	00 01	0	1	1	1		0000 0000 0000 0001
543	0x021f	543	00 01	0	1	1	1		0000 0000 0000 0001
544	0x0220	544	00 01	0	1	1	1		0000 0000 0000 0001
545	0x0221	545	00 32	0	50	50	50		0000 0000 0011 0010
546	0x0222	546	00 01	0	1	1	1		0000 0000 0000 0001
547	0x0223	547	00 96	0	150	150	150		0000 0000 1001 0110
548	0x0224	548	00 0A	0	10	10	10		0000 0000 0000 1010
553	0x0229	553	01 90	1	144	400	400		0000 0001 1001 0000
554	0x022a	554	00 D3	0	211	211	211		0000 0000 1101 0011
555	0x022b	555	00 1E	0	30	30	30		0000 0000 0001 1110
556	0x022c	556	00 B5	0	181	181	181		0000 0000 1011 0101
557	0x022d	557	00 96	0	150	150	150		0000 0000 1001 0110
558	0x022e	558	00 14	0	20	20	20		0000 0000 0001 0100
559	0x022f	559	17 70	23	112	6000	6000		0001 0111 0111 0000
560	0x0230	560	1F 40	31	64	8000	8000		0001 1111 0100 0000
561	0x0231	561	00 01	0	1	1	1		0000 0000 0000 0001
562	0x0232	562	00 01	0	1	1	1		0000 0000 0000 0001
565	0x0235	565	00 01	0	1	1	1		0000 0000 0000 0001
566	0x0236	566	00 01	0	1	1	1		0000 0000 0000 0001
567	0x0237	567	00 01	0	1	1	1		0000 0000 0000 0001
568	0x0238	568	00 01	0	1	1	1		0000 0000 0000 0001
569	0x0239	569	00 02	0	2	2	2		0000 0000 0000 0010
570	0x023a	570	00 01	0	1	1	1		0000 0000 0000 0001
571	0x023b	571	00 B4	0	180	180	180		0000 0000 1011 0100
572	0x023c	572	00 0A	0	10	10	10		0000 0000 0000 1010
574	0x023e	574	01 90	1	144	400	400		0000 0001 1001 0000
575	0x023f	575	03 DE	3	222	990	990		0000 0011 1101 1110
578	0x0242	578	00 01	0	1	1	1		0000 0000 0000 0001
580	0x0244	580	00 0E	0	14	14	14		0000 0000 0000 1110
581	0x0245	581	00 01	0	1	1	1		0000 0000 0000 0001
583	0x0247	583	27 10	39	16	10000	10000		0010 0111 0001 0000
585	0x0249	585	27 10	39	16	10000	10000		0010 0111 0001 0000
589	0x024d	589	00 32	0	50	50	50		0000 0000 0011 0010
590	0x024e	590	0E 10	14	16	3600	3600		0000 1110 0001 0000
592	0x0250	592	00 32	0	50	50	50		0000 0000 0011 0010
593	0x0251	593	0E 10	14	16	3600	3600		0000 1110 0001 0000
595	0x0253	595	00 3C	0	60	60	60		0000 0000 0011 1100
597	0x0255	597	00 3C	0	60	60	60		0000 0000 0011 1100
606	0x025e	606	00 03	0	3	3	3		0000 0000 0000 0011
608	0x0260	608	01 F4	1	244	500	500		0000 0001 1111 0100
609	0x0261	609	00 05	0	5	5	5		0000 0000 0000 0101
613	0x0265	613	02 8A	2	138	650	650		0000 0010 1000 1010
614	0x0266	614	00 0A	0	10	10	10		0000 0000 0000 1010
616	0x0268	616	00 01	0	1	1	1		0000 0000 0000 0001
617	0x0269	617	00 03	0	3	3	3		0000 0000 0000 0011
618	0x026a	618	FF 2E	255	46	65326	-210		1111 1111 0010 1110
619	0x026b	619	FF 6A	255	106	65386	-150		1111 1111 0110 1010
620	0x026c	620	01 2C	1	44	300	300		0000 0001 0010 1100
621	0x026d	621	00 28	0	40	40	40		0000 0000 0010 1000
622	0x026e	622	00 05	0	5	5	5		0000 0000 0000 0101
623	0x026f	623	00 0A	0	10	10	10		0000 0000 0000 1010
624	0x0270	624	FF 2E	255	46	65326	-210		1111 1111 0010 1110
625	0x0271	625	FF B0	255	176	65456	-80		1111 1111 1011 0000
626	0x0272	626	01 90	1	144	400	400		0000 0001 1001 0000
627	0x0273	627	00 32	0	50	50	50		0000 0000 0011 0010
628	0x0274	628	02 3A	2	58	570	570		0000 0010 0011 1010
640	0x0280	640	00 01	0	1	1	1		0000 0000 0000 0001
641	0x0281	641	00 01	0	1	1	1		0000 0000 0000 0001
650	0x028a	650	01 90	1	144	400	400		0000 0001 1001 0000
653	0x028d	653	00 0F	0	15	15	15		0000 0000 0000 1111
654	0x028e	654	00 0A	0	10	10	10		0000 0000 0000 1010
657	0x0291	657	00 01	0	1	1	1		0000 0000 0000 0001
658	0x0292	658	00 01	0	1	1	1		0000 0000 0000 0001
659	0x0293	659	00 32	0	50	50	50		0000 0000 0011 0010
699	0x02bb	699	02 26	2	38	550	550		0000 0010 0010 0110
700	0x02bc	700	00 0A	0	10	10	10		0000 0000 0000 1010
702	0x02be	702	00 01	0	1	1	1		0000 0000 0000 0001
703	0x02bf	703	00 03	0	3	3	3		0000 0000 0000 0011
704	0x02c0	704	00 0A	0	10	10	10		0000 0000 0000 1010
705	0x02c1	705	00 82	0	130	130	130		0000 0000 1000 0010
706	0x02c2	706	00 6E	0	110	110	110		0000 0000 0110 1110
709	0x02c5	709	27 0F	39	15	9999	9999		0010 0111 0000 1111
710	0x02c6	710	D8 F1	216	241	55537	-9999		1101 1000 1111 0001
711	0x02c7	711	00 0F	0	15	15	15		0000 0000 0000 1111
800	0x0320	800	03 E7	3	231	999	999		0000 0011 1110 0111
801	0x0321	801	00 F0	0	240	240	240		0000 0000 1111 0000
802	0x0322	802	00 1E	0	30	30	30		0000 0000 0001 1110
804	0x0324	804	00 1E	0	30	30	30		0000 0000 0001 1110
805	0x0325	805	07 08	7	8	1800	1800		0000 0111 0000 1000
806	0x0326	806	00 03	0	3	3	3		0000 0000 0000 0011
851	0x0353	851	00 01	0	1	1	1		0000 0000 0000 0001
965	0x03c5	965	01 F4	1	244	500	500		0000 0001 1111 0100
999	0x03e7	999	11 28	17	40	4392	4392		0001 0001 0010 1000
1016	0x03f8	1016	00 28	0	40	40	40		0000 0000 0010 1000
1099	0x044b	1099	00 01	0	1	1	1		0000 0000 0000 0001
1302	0x0516	1302	00 03	0	3	3	3		0000 0000 0000 0011
1303	0x0517	1303	00 03	0	3	3	3		0000 0000 0000 0011
1304	0x0518	1304	00 03	0	3	3	3		0000 0000 0000 0011
1400	0x0578	1400	01 5E	1	94	350	350		0000 0001 0101 1110
1404	0x057c	1404	00 01	0	1	1	1		0000 0000 0000 0001
1405	0x057d	1405	15 18	21	24	5400	5400		0001 0101 0001 1000
1407	0x057f	1407	04 B0	4	176	1200	1200		0000 0100 1011 0000
1409	0x0581	1409	00 28	0	40	40	40		0000 0000 0010 1000
1411	0x0583	1411	05 DC	5	220	1500	1500		0000 0101 1101 1100
1412	0x0584	1412	00 01	0	1	1	1		0000 0000 0000 0001
1999	0x07cf	1999	00 05	0	5	5	5		0000 0000 0000 0101
2001	0x07d1	2001	00 D3	0	211	211	211		0000 0000 1101 0011
2002	0x07d2	2002	03 B6	3	182	950	950		0000 0011 1011 0110
2003	0x07d3	2003	01 F0	1	240	496	496		0000 0001 1111 0000
2004	0x07d4	2004	01 C7	1	199	455	455		0000 0001 1100 0111
2057	0x0809	2057	00 01	0	1	1	1		0000 0000 0000 0001
3000	0x0bb8	3000	00 01	0	1	1	1		0000 0000 0000 0001
3001	0x0bb9	3001	00 18	0	24	24	24		0000 0000 0001 1000
